1
Exam1 
1
1
2000
1
1
1
3
1
1
Exam2
1
1
2001
1
1
1
5
0
1
Exam3
1
1
1995
1
1
1
12
1
1                                                                               
Exam4                                                                           
1                                                                               
1                                                                               
2001                                                                            
1                                                                               
2                                                                               
3 
66
0                                                                              
1     
Exam5
3
1
1999
1                                                                               
1                                                                               
1
47
1
1
Exam6
1
1
2001
22
33
3
21
0
1
Exam7
3
11
1990
1
1
1
30
1
1 
Exam8
1
1
2001
22
33
3
222
0
1
Exam9
3
11
1999
23
21
13
234
1
1
Exam10                                                                          1
1
2001
22
33
3
64
0
1
Exam11
3
11
1999
22
24
13
5
1
1
Exam12                                                                          44                   
5
3001
22
33
5
9
0
1
Exam13
3
11
1995
22
24
13
32
1
1
Exam14                                                                          1                   
6
2007
20
33
45
543
0
1
Exam15
23
12
1999
22
24
13
3213
1
0
